 0, 384, 290 
 
 1, 384, 290 
 
 2, 384, 290 
 
 3, 384, 290 
 
 4, 385, 290 
 
 5, 383, 290 
 
 6, 384, 290 
 
 7, 384, 290 
 
 8, 384, 290 
 
 9, 384, 290 
 
 10, 384, 290 
 
 11, 384, 290 
 
 12, 384, 290 
 
 13, 383, 290 
 
 14, 383, 288 
 
 15, 382, 286 
 
 16, 382, 277 
 
 17, 383, 289 
 
 18, 383, 282 
 
 19, 384, 287 
 
 20, 384, 289 
 
 21, 384, 290 
 
 22, 385, 290 
 
 23, 385, 290 
 
 24, 386, 290 
 
 25, 387, 290 
 
 26, 387, 291 
 
 27, 387, 291 
 
 28, 387, 291 
 
 29, 387, 291 
 
 30, 388, 291 
 
 31, 388, 291 
 
 32, 388, 291 
 
 33, 388, 291 
 
 34, 388, 292 
 
 35, 388, 292 
 
 36, 388, 292 
 
 37, 388, 292 
 
 38, 388, 292 
 
 39, 388, 292 
 
 40, 388, 292 
 
 41, 388, 292 
 
 42, 388, 292 
 
 43, 388, 292 
 
 44, 388, 291 
 
 45, 388, 292 
 
 46, 388, 292 
 
 47, 388, 292 
 
 48, 388, 291 
 
 49, 388, 291 
 
 50, 388, 291 
 
 51, 388, 292 
 
 52, 388, 292 
 
 53, 388, 292 
 
 54, 388, 292 
 
 55, 388, 292 
 
 56, 388, 292 
 
 57, 388, 292 
 
 58, 388, 292 
 
 59, 388, 292 
 
 60, 388, 292 
 
 61, 388, 291 
 
 62, 388, 291 
 
 63, 388, 292 
 
 64, 388, 292 
 
 65, 388, 292 
 
 66, 388, 292 
 
 67, 388, 292 
 
 68, 388, 292 
 
 69, 388, 291 
 
 70, 388, 292 
 
 71, 388, 292 
 
 72, 388, 292 
 
 73, 388, 292 
 
 74, 388, 291 
 
 75, 388, 292 
 
 76, 388, 292 
 
 77, 388, 291 
 
 78, 388, 292 
 
 79, 388, 292 
 
 80, 388, 291 
 
 81, 388, 292 
 
 82, 388, 291 
 
 83, 388, 292 
 
 84, 388, 292 
 
 85, 388, 292 
 
 86, 388, 292 
 
 87, 388, 292 
 
 88, 388, 292 
 
 89, 388, 292 
 
 90, 388, 292 
 
 91, 388, 292 
 
 92, 388, 292 
 
 93, 388, 292 
 
 94, 388, 292 
 
 95, 388, 292 
 
 96, 388, 292 
 
 97, 388, 292 
 
 98, 388, 292 
 
 99, 388, 292 
 
 100, 388, 292 
 
 101, 388, 292 
 
 102, 388, 292 
 
 103, 388, 292 
 
 104, 388, 292 
 
 105, 388, 292 
 
 106, 388, 292 
 
 107, 388, 292 
 
 108, 388, 292 
 
 109, 388, 292 
 
 110, 388, 292 
 
 111, 388, 292 
 
 112, 388, 292 
 
 113, 388, 292 
 
 114, 388, 292 
 
 115, 388, 292 
 
 116, 388, 292 
 
 117, 388, 292 
 
 118, 388, 292 
 
 119, 388, 292 
 
 120, 388, 292 
 
 121, 388, 292 
 
 122, 388, 292 
 
 123, 388, 292 
 
 124, 388, 292 
 
 125, 388, 291 
 
 126, 388, 292 
 
 127, 388, 292 
 
 128, 388, 291 
 
 129, 388, 292 
 
 130, 388, 292 
 
 131, 388, 291 
 
 132, 388, 292 
 
 133, 388, 292 
 
 134, 388, 292 
 
 135, 388, 292 
 
 136, 388, 292 
 
 137, 388, 292 
 
 138, 388, 292 
 
 139, 388, 292 
 
 140, 388, 292 
 
 141, 388, 292 
 
 142, 388, 292 
 
 143, 388, 292 
 
 144, 388, 292 
 
 145, 388, 292 
 
 146, 388, 292 
 
 147, 388, 292 
 
 148, 388, 292 
 
 149, 388, 292 
 
 150, 388, 292 
 
 151, 388, 292 
 
 152, 388, 292 
 
 153, 388, 292 
 
 154, 388, 292 
 
 155, 388, 292 
 
 156, 388, 292 
 
 157, 388, 291 
 
 158, 387, 291 
 
 159, 387, 291 
 
 160, 387, 292 
 
 161, 387, 291 
 
 162, 387, 291 
 
 163, 387, 291 
 
 164, 387, 291 
 
 165, 387, 291 
 
 166, 387, 292 
 
 167, 388, 291 
 
 168, 388, 292 
 
 169, 388, 292 
 
 170, 387, 292 
 
 171, 388, 291 
 
 172, 388, 292 
 
 173, 387, 292 
 
 174, 388, 292 
 
 175, 388, 292 
 
 176, 388, 292 
 
 177, 388, 292 
 
 178, 388, 292 
 
 179, 388, 292 
 
 180, 388, 292 
 
 181, 388, 292 
 
 182, 388, 292 
 
 183, 388, 292 
 
 184, 387, 292 
 
 185, 388, 292 
 
 186, 388, 292 
 
 187, 388, 292 
 
 188, 388, 292 
 
 189, 388, 292 
 
 190, 388, 292 
 
 191, 388, 292 
 
 192, 388, 292 
 
 193, 388, 292 
 
 194, 388, 292 
 
 195, 388, 292 
 
 196, 388, 292 
 
 197, 388, 292 
 
 198, 387, 292 
 
 199, 388, 292 
 
 200, 388, 292 
 
 201, 387, 292 
 
 202, 387, 292 
 
 203, 387, 292 
 
 204, 387, 292 
 
 205, 388, 292 
 
 206, 388, 292 
 
 207, 388, 292 
 
 208, 388, 292 
 
 209, 388, 292 
 
 210, 388, 292 
 
 211, 388, 292 
 
 212, 388, 292 
 
 213, 388, 292 
 
 214, 388, 292 
 
 215, 388, 292 
 
 216, 388, 292 
 
 217, 388, 292 
 
 218, 388, 292 
 
 219, 388, 292 
 
 220, 387, 292 
 
 221, 387, 292 
 
 222, 388, 292 
 
 223, 388, 292 
 
 224, 387, 292 
 
 225, 388, 292 
 
 226, 387, 292 
 
 227, 387, 292 
 
 228, 387, 292 
 
 229, 387, 292 
 
 230, 387, 292 
 
 231, 387, 292 
 
 232, 387, 292 
 
 233, 387, 292 
 
 234, 387, 292 
 
 235, 387, 292 
 
 236, 387, 292 
 
 237, 387, 292 
 
 238, 387, 291 
 
 239, 387, 292 
 
 240, 387, 292 
 
 241, 387, 292 
 
 242, 387, 292 
 
 243, 387, 292 
 
 244, 387, 291 
 
 245, 387, 291 
 
 246, 387, 291 
 
 247, 387, 291 
 
 248, 387, 291 
 
 249, 387, 292 
 
 250, 387, 291 
 
 251, 387, 291 
 
 252, 387, 291 
 
 253, 387, 292 
 
 254, 387, 291 
 
 255, 387, 291 
 
 256, 387, 291 
 
 257, 387, 292 
 
 258, 387, 291 
 
 259, 387, 291 
 
 260, 387, 291 
 
 261, 387, 291 
 
 262, 387, 292 
 
 263, 387, 292 
 
 264, 387, 291 
 
 265, 387, 291 
 
 266, 387, 291 
 
 267, 387, 292 
 
 268, 387, 291 
 
 269, 387, 291 
 
 270, 387, 291 
 
 271, 387, 291 
 
 272, 387, 291 
 
 273, 387, 291 
 
 274, 387, 291 
 
 275, 387, 291 
 
 276, 387, 291 
 
 277, 387, 291 
 
 278, 387, 291 
 
 279, 387, 291 
 
 280, 387, 291 
 
 281, 387, 291 
 
 282, 387, 291 
 
 283, 387, 292 
 
 284, 387, 292 
 
 285, 387, 291 
 
 286, 387, 292 
 
 287, 387, 291 
 
 288, 387, 291 
 
 289, 387, 291 
 
 290, 387, 291 
 
 291, 387, 291 
 
 292, 387, 291 
 
 293, 387, 291 
 
 294, 387, 291 
 
 295, 387, 291 
 
 296, 387, 291 
 
 297, 387, 291 
 
 298, 387, 291 
 
 299, 387, 291 
 
 300, 387, 291 
 
 301, 387, 291 
 
 302, 387, 292 
 
 303, 387, 291 
 
 304, 387, 291 
 
 305, 387, 291 
 
 306, 387, 291 
 
 307, 387, 291 
 
 308, 387, 291 
 
 309, 386, 292 
 
 310, 387, 291 
 
 311, 387, 291 
 
 312, 387, 291 
 
 313, 387, 291 
 
 314, 387, 291 
 
 315, 387, 291 
 
 316, 387, 291 
 
 317, 387, 291 
 
 318, 387, 291 
 
 319, 387, 291 
 
 320, 387, 291 
 
 321, 387, 291 
 
 322, 386, 291 
 
 323, 387, 291 
 
 324, 387, 291 
 
 325, 386, 291 
 
 326, 386, 291 
 
 327, 386, 291 
 
 328, 386, 291 
 
 329, 386, 291 
 
 330, 386, 291 
 
 331, 386, 291 
 
 332, 386, 291 
 
 333, 386, 291 
 
 334, 386, 291 
 
 335, 387, 291 
 
 336, 386, 291 
 
 337, 386, 291 
 
 338, 386, 291 
 
 339, 386, 291 
 
 340, 386, 291 
 
 341, 386, 291 
 
 342, 386, 291 
 
 343, 386, 291 
 
 344, 386, 291 
 
 345, 386, 291 
 
 346, 386, 291 
 
 347, 386, 291 
 
 348, 386, 291 
 
 349, 386, 291 
 
 350, 386, 291 
 
 351, 386, 291 
 
 352, 386, 291 
 
 353, 386, 291 
 
 354, 386, 291 
 
 355, 386, 291 
 
 356, 386, 291 
 
 357, 386, 291 
 
 358, 386, 291 
 
 359, 386, 291 
 
 360, 386, 291 
 
 361, 386, 291 
 
 362, 386, 291 
 
 363, 386, 291 
 
 364, 386, 291 
 
 365, 386, 291 
 
 366, 386, 291 
 
 367, 386, 291 
 
 368, 386, 291 
 
 369, 386, 291 
 
 370, 386, 291 
 
 371, 386, 291 
 
 372, 386, 291 
 
 373, 386, 291 
 
 374, 386, 291 
 
 375, 386, 291 
 
 376, 386, 291 
 
 377, 386, 291 
 
 378, 386, 291 
 
 379, 386, 291 
 
 380, 386, 291 
 
 381, 385, 291 
 
 382, 386, 291 
 
 383, 386, 291 
 
 384, 386, 291 
 
 385, 386, 291 
 
 386, 386, 291 
 
 387, 386, 291 
 
 388, 386, 291 
 
 389, 386, 291 
 
 390, 386, 291 
 
 391, 386, 291 
 
 392, 386, 291 
 
 393, 386, 291 
 
 394, 386, 291 
 
 395, 386, 291 
 
 396, 386, 291 
 
 397, 386, 291 
 
 398, 386, 291 
 
 399, 386, 291 
 
 400, 386, 291 
 
 401, 386, 291 
 
 402, 386, 291 
 
 403, 386, 291 
 
 404, 386, 291 
 
 405, 386, 291 
 
 406, 386, 291 
 
 407, 386, 291 
 
 408, 386, 291 
 
 409, 386, 291 
 
 410, 386, 291 
 
 411, 386, 291 
 
 412, 386, 291 
 
 413, 386, 291 
 
 414, 386, 291 
 
 415, 385, 291 
 
 416, 375, 283 
 
 417, 384, 290 
 
 418, 385, 291 
 
 419, 385, 291 
 
 420, 385, 291 
 
 421, 386, 291 
 
 422, 386, 291 
 
 423, 386, 291 
 
 424, 386, 291 
 
 425, 384, 290 
 
 426, 382, 288 
 
 427, 384, 290 
 
 428, 385, 290 
 
 429, 385, 291 
 
 430, 386, 291 
 
 431, 386, 291 
 
 432, 386, 291 
 
 433, 386, 291 
 
 434, 386, 291 
 
 435, 385, 291 
 
 436, 385, 291 
 
 437, 385, 291 
 
 438, 385, 291 
 
 439, 385, 291 
 
 440, 386, 291 
 
 441, 385, 291 
 
 442, 385, 291 
 
 443, 385, 291 
 
 444, 385, 291 
 
 445, 384, 291 
 
 446, 384, 290 
 
 447, 384, 290 
 
 448, 384, 290 
 
 449, 378, 291 
 
 450, 379, 291 
 
 451, 385, 291 
 
 452, 384, 291 
 
 453, 384, 291 
 
 454, 385, 292 
 
 455, 386, 292 
 
 456, 386, 292 
 
 457, 386, 292 
 
 458, 386, 292 
 
 459, 385, 292 
 
 460, 386, 292 
 
 461, 386, 292 
 
 462, 385, 292 
 
 463, 385, 292 
 
 464, 385, 292 
 
 465, 385, 292 
 
 466, 386, 292 
 
 467, 385, 292 
 
 468, 386, 292 
 
 469, 386, 292 
 
 470, 385, 292 
 
 471, 385, 292 
 
 472, 386, 292 
 
 473, 385, 292 
 
 474, 385, 292 
 
 475, 385, 292 
 
 476, 385, 292 
 
 477, 385, 292 
 
 478, 385, 292 
 
 479, 385, 291 
 
 480, 385, 292 
 
 481, 386, 292 
 
 482, 385, 292 
 
 483, 385, 292 
 
 484, 386, 292 
 
 485, 386, 291 
 
 486, 386, 291 
 
 487, 386, 291 
 
 488, 386, 286 
 
 489, 386, 285 
 
 490, 386, 292 
 
 491, 386, 291 
 
 492, 386, 292 
 
 493, 386, 291 
 
 494, 386, 292 
 
 495, 386, 291 
 
 496, 386, 292 
 
 497, 386, 292 
 
 498, 386, 292 
 
 499, 386, 292 

 500, 386, 292